25459
1079
19552
4828

91 18 60 118 83 5 153 96 199 99 104 106 114 59 84 182 82 88 48 148 62 123 8 159 19 124 10 168 174 189 47 107 175 11 30 122 108 160 20 51 128 32 63 181 126 188 66 103 71 9 35 120 135 136 34 3 158 77 80 150 116 177 179 56 165 186 25 41 145 15 184 198 85 98 16 173 141 44 193 100 86 113 38 140 43 45 125 197 23 4 139 155 39 187 170 67 130 134 49 143 36 

8
0 156 112 89 147 6 183 94 95 97 117 92 151 0 
0 27 146 167 69 132 176 1 101 162 31 190 127 52 7 46 0 
0 53 105 26 149 195 109 12 138 154 28 76 78 55 0 
0 58 152 40 180 21 73 72 74 171 22 133 24 0 
0 111 50 102 157 33 81 185 79 129 169 121 29 163 90 0 
0 13 137 2 178 115 57 144 87 172 42 142 14 119 192 17 0 
0 166 194 70 131 161 164 68 196 110 37 0 
0 93 61 191 75 54 65 64 0 
