9811
1029
7335
1447

122 102 76 116 158 12 109 134 163 79 180 149 96 144 171 133 75 72 197 23 187 195 14 192 37 44 193 98 16 93 5 113 86 118 125 114 62 123 159 124 174 108 45 33 34 35 66 65 181 48 17 13 161 22 164 81 64 131 194 50 53 68 196 111 61 40 178 47 54 138 110 70 

9
0 89 147 6 99 59 92 151 95 117 94 183 156 0 
0 27 132 162 101 157 185 129 169 29 121 80 150 24 55 139 39 74 137 0 
0 26 198 21 73 57 172 42 119 140 38 141 191 91 104 173 84 60 166 0 
0 112 83 199 8 46 36 175 107 11 126 63 7 106 153 52 28 105 0 
0 87 97 85 100 142 43 15 41 145 115 2 58 152 0 
0 184 77 3 78 120 9 135 136 71 103 188 30 69 0 
0 179 4 155 56 186 67 170 25 165 130 177 154 0 
0 176 1 51 20 128 160 32 90 10 189 190 127 146 0 
0 167 31 88 148 182 19 49 143 168 82 18 0 
