31485
1241
26884
3360

5 83 199 114 125 8 45 16 82 113 174 141 44 86 38 140 43 15 41 75 197 56 186 198 39 139 67 187 4 155 170 179 130 25 134 34 51 30 122 108 160 123 48 19 11 107 175 126 63 47 168 36 143 49 181 32 128 20 188 66 103 71 9 35 136 120 135 65 

11
0 156 112 89 147 6 183 94 95 97 117 92 151 0 
0 27 146 167 69 132 176 1 101 162 31 190 127 52 7 46 0 
0 53 105 26 149 195 109 12 138 154 28 76 78 55 0 
0 58 152 40 180 21 73 72 74 171 22 133 24 0 
0 111 50 102 157 33 81 185 79 129 169 121 29 163 90 0 
0 13 137 2 178 115 57 144 87 172 42 142 14 119 192 91 17 0 
0 166 18 153 106 194 182 148 62 159 10 189 0 
0 96 99 104 59 93 85 193 100 37 98 61 173 84 0 
0 184 116 196 77 3 158 68 80 150 177 54 165 0 
0 60 118 191 145 23 110 70 88 124 64 131 161 0 
0 164 0 
