10894
1151
8965
778

118 5 114 88 48 62 123 159 174 108 181 66 35 44 86 113 125 23 134 143 64 17 131 68 54 81 111 161 50 61 93 196 13 191 180 102 194 76 132 65 53 149 164 178 166 171 110 40 

11
0 89 147 6 183 94 96 151 92 37 97 117 112 156 0 
0 27 167 69 101 162 31 190 127 82 8 199 83 84 173 60 0 
0 105 26 195 179 109 177 80 150 12 154 138 28 0 
0 130 165 55 25 139 187 39 56 197 75 133 41 22 74 73 0 
0 184 116 158 3 163 24 29 121 169 78 129 79 185 33 157 176 0 
0 2 115 145 57 144 172 42 15 43 142 14 192 91 193 100 87 137 0 
0 18 45 46 124 19 11 63 126 189 10 30 122 136 135 34 77 0 
0 198 155 4 170 67 186 72 21 58 152 0 
0 52 153 106 7 168 47 36 49 175 107 148 182 146 0 
0 99 104 85 16 141 38 140 119 98 59 95 0 
0 1 51 9 120 71 103 188 20 128 160 32 90 70 0 
